save('fichero.dat')

--> diary(0)

--> diary('pract1.dat')
 ans  =

   1.


--> diary(0)

--> v = [1, -2, 3]
 v  = 

   1.  -2.   3.


--> a = [1, 2, 3; 4, 5, 6; 7, 8, 9]
 a  = 

   1.   2.   3.
   4.   5.   6.
   7.   8.   9.


--> x=1.5;          y=3.7;          z=9;

--> 2*x^3*y+sqrt(y^5*z)
 ans  =

   103.97472


--> X=[1 2;3 -1]
 X  = 

   1.   2.
   3.  -1.


--> Y = [-2, 3, 5, 12]
 Y  = 

  -2.   3.   5.   12.


--> X - Y

Inconsistent row/column dimensions.

--> X=[1 2 3 -1]
 X  = 

   1.   2.   3.  -1.


--> X - Y
 ans  =

   3.  -1.  -2.  -13.


--> E = X - Y
 E  = 

   3.  -1.  -2.  -13.


--> ans == E
 ans  =

  T T T T


--> ans = E
 ans  = 

   3.  -1.  -2.  -13.


--> I = X * Y

Inconsistent row/column dimensions.

--> S = [4; 3; 2; 1]
 S  = 

   4.
   3.
   2.
   1.


--> R = E * S
 R  = 

  -8.


--> P = inv(E)

inv: Wrong type for argument 1: Square matrix expected.

--> P = inv(R)
 P  = 

  -0.125


--> P = R'
 P  = 

  -8.


--> S+1
 ans  =

   5.
   4.
   3.
   2.


--> a
 a  = 

   1.   2.   3.
   4.   5.   6.
   7.   8.   9.


--> a. *a
a. *a
   ^^
Error: syntax error, unexpected *

--> a. *A
a. *A
   ^^
Error: syntax error, unexpected *

--> a. *a
a. *a
   ^^
Error: syntax error, unexpected *

--> a.*a
 ans  =

   1.    4.    9. 
   16.   25.   36.
   49.   64.   81.


--> zeros(2, 3)
 ans  =

   0.   0.   0.
   0.   0.   0.


--> ones(2, 3)
 ans  =

   1.   1.   1.
   1.   1.   1.


--> twos(2, 3)

Undefined variable: twos

--> threes(2, 3)

Undefined variable: threes

--> eye(2, 2)
 ans  =

   1.   0.
   0.   1.


--> eye(2, 1)
 ans  =

   1.
   0.


--> eye(2, 3)
 ans  =

   1.   0.   0.
   0.   1.   0.


--> eyes(2, 3)

Undefined variable: eyes

--> OK

Undefined variable: OK

--> a(1,1)
 ans  =

   1.


--> a(1, 2)
 ans  =

   2.


--> ans(1, 3)

Invalid index.

--> [a, b]

Undefined variable: b

--> b = [4, 5, 6; 7, -8, 9; 10, -5, 2]
 b  = 

   4.    5.   6.
   7.   -8.   9.
   10.  -5.   2.


--> [a, b]
 ans  =

   1.   2.   3.   4.    5.   6.
   4.   5.   6.   7.   -8.   9.
   7.   8.   9.   10.  -5.   2.


--> [a; b]
 ans  =

   1.    2.   3.
   4.    5.   6.
   7.    8.   9.
   4.    5.   6.
   7.   -8.   9.
   10.  -5.   2.


--> a(:, 3)
 ans  =

   3.
   6.
   9.


--> a(2; :)
a(2; :)
    ^
Error: syntax error, unexpected ;, expecting "," or )

--> a(2, :)
 ans  =

   4.   5.   6.


--> a(1:2, :)
 ans  =

   1.   2.   3.
   4.   5.   6.


--> a([1 2], :)
 ans  =

   1.   2.   3.
   4.   5.   6.


--> a([1 3], :)
 ans  =

   1.   2.   3.
   7.   8.   9.


--> //Actividades práctica 0

--> x = 14.32
 x  = 

   14.32


--> y = 27.12; z = 3.5
 z  = 

   3.5


--> (8 * x + y^2) / 2 - (x^3 - 1/z)^(1/6))
(8 * x + y^2) / 2 - (x^3 - 1/z)^(1/6))
                                     ^^
Error: syntax error, unexpected ), expecting end of file

--> (8 * x + y^2) / (2 - (x^3 - 1/z)^(1/6))
 ans  =

  -476.45685


--> zeros(50, 50)
 ans  =


         column 1 to 14

   0.   0.   0.   0.   0.   0.   0.   0.   0.   0.   0.   0.   0.   0.
   0.   0.   0.   0.   0.   0.   0.   0.   0.   0.   0.   0.   0.   0.
   0.   0.   0.   0.   0.   0.   0.   0.   0.   0.   0.   0.   0.   0.
   0.   0.   0.   0.   0.   0.   0.   0.   0.   0.   0.   0.   0.   0.
   0.   0.   0.   0.   0.   0.   0.   0.   0.   0.   0.   0.   0.   0.
   0.   0.   0.   0.   0.   0.   0.   0.   0.   0.   0.   0.   0.   0.
   0.   0.   0.   0.   0.   0.   0.   0.   0.   0.   0.   0.   0.   0.
   0.   0.   0.   0.   0.   0.   0.   0.   0.   0.   0.   0.   0.   0.
   0.   0.   0.   0.   0.   0.   0.   0.   0.   0.   0.   0.   0.   0.
   0.   0.   0.   0.   0.   0.   0.   0.   0.   0.   0.   0.   0.   0.
   0.   0.   0.   0.   0.   0.   0.   0.   0.   0.   0.   0.   0.   0.
   0.   0.   0.   0.   0.   0.   0.   0.   0.   0.   0.   0.   0.   0.
   0.   0.   0.   0.   0.   0.   0.   0.   0.   0.   0.   0.   0.   0.
   0.   0.   0.   0.   0.   0.   0.   0.   0.   0.   0.   0.   0.   0.
   0.   0.   0.   0.   0.   0.   0.   0.   0.   0.   0.   0.   0.   0.
   0.   0.   0.   0.   0.   0.   0.   0.   0.   0.   0.   0.   0.   0.
   0.   0.   0.   0.   0.   0.   0.   0.   0.   0.   0.   0.   0.   0.
   0.   0.   0.   0.   0.   0.   0.   0.   0.   0.   0.   0.   0.   0.
   0.   0.   0.   0.   0.   0.   0.   0.   0.   0.   0.   0.   0.   0.
   0.   0.   0.   0.   0.   0.   0.   0.   0.   0.   0.   0.   0.   0.
   0.   0.   0.   0.   0.   0.   0.   0.   0.   0.   0.   0.   0.   0.
   0.   0.   0.   0.   0.   0.   0.   0.   0.   0.   0.   0.   0.   0.
   0.   0.   0.   0.   0.   0.   0.   0.   0.   0.   0.   0.   0.   0.
   0.   0.   0.   0.   0.   0.   0.   0.   0.   0.   0.   0.   0.   0.
   0.   0.   0.   0.   0.   0.   0.   0.   0.   0.   0.   0.   0.   0.
   0.   0.   0.   0.   0.   0.   0.   0.   0.   0.   0.   0.   0.   0.
   0.   0.   0.   0.   0.   0.   0.   0.   0.   0.   0.   0.   0.   0.
   0.   0.   0.   0.   0.   0.   0.   0.   0.   0.   0.   0.   0.   0.
   0.   0.   0.   0.   0.   0.   0.   0.   0.   0.   0.   0.   0.   0.
   0.   0.   0.   0.   0.   0.   0.   0.   0.   0.   0.   0.   0.   0.
   0.   0.   0.   0.   0.   0.   0.   0.   0.   0.   0.   0.   0.   0.
   0.   0.   0.   0.   0.   0.   0.   0.   0.   0.   0.   0.   0.   0.
   0.   0.   0.   0.   0.   0.   0.   0.   0.   0.   0.   0.   0.   0.
   0.   0.   0.   0.   0.   0.   0.   0.   0.   0.   0.   0.   0.   0.
   0.   0.   0.   0.   0.   0.   0.   0.   0.   0.   0.   0.   0.   0.
   0.   0.   0.   0.   0.   0.   0.   0.   0.   0.   0.   0.   0.   0.
   0.   0.   0.   0.   0.   0.   0.   0.   0.   0.   0.   0.   0.   0.
   0.   0.   0.   0.   0.   0.   0.   0.   0.   0.   0.   0.   0.   0.
   0.   0.   0.   0.   0.   0.   0.   0.   0.   0.   0.   0.   0.   0.
   0.   0.   0.   0.   0.   0.   0.   0.   0.   0.   0.   0.   0.   0.
   0.   0.   0.   0.   0.   0.   0.   0.   0.   0.   0.   0.   0.   0.
   0.   0.   0.   0.   0.   0.   0.   0.   0.   0.   0.   0.   0.   0.
   0.   0.   0.   0.   0.   0.   0.   0.   0.   0.   0.   0.   0.   0.
   0.   0.   0.   0.   0.   0.   0.   0.   0.   0.   0.   0.   0.   0.
   0.   0.   0.   0.   0.   0.   0.   0.   0.   0.   0.   0.   0.   0.
   0.   0.   0.   0.   0.   0.   0.   0.   0.   0.   0.   0.   0.   0.
   0.   0.   0.   0.   0.   0.   0.   0.   0.   0.   0.   0.   0.   0.
   0.   0.   0.   0.   0.   0.   0.   0.   0.   0.   0.   0.   0.   0.
   0.   0.   0.   0.   0.   0.   0.   0.   0.   0.   0.   0.   0.   0.
   0.   0.   0.   0.   0.   0.   0.   0.   0.   0.   0.   0.   0.   0.

         column 15 to 28

   0.   0.   0.   0.   0.   0.   0.   0.   0.   0.   0.   0.   0.   0.
   0.   0.   0.   0.   0.   0.   0.   0.   0.   0.   0.   0.   0.   0.
   0.   0.   0.   0.   0.   0.   0.   0.   0.   0.   0.   0.   0.   0.
   0.   0.   0.   0.   0.   0.   0.   0.   0.   0.   0.   0.   0.   0.
   0.   0.   0.   0.   0.   0.   0.   0.   0.   0.   0.   0.   0.   0.
   0.   0.   0.   0.   0.   0.   0.   0.   0.   0.   0.   0.   0.   0.
   0.   0.   0.   0.   0.   0.   0.   0.   0.   0.   0.   0.   0.   0.
   0.   0.   0.   0.   0.   0.   0.   0.   0.   0.   0.   0.   0.   0.
   0.   0.   0.   0.   0.   0.   0.   0.   0.   0.   0.   0.   0.   0.
   0.   0.   0.   0.   0.   0.   0.   0.   0.   0.   0.   0.   0.   0.
   0.   0.   0.   0.   0.   0.   0.   0.   0.   0.   0.   0.   0.   0.
   0.   0.   0.   0.   0.   0.   0.   0.   0.   0.   0.   0.   0.   0.
   0.   0.   0.   0.   0.   0.   0.   0.   0.   0.   0.   0.   0.   0.
   0.   0.   0.   0.   0.   0.   0.   0.   0.   0.   0.   0.   0.   0.
   0.   0.   0.   0.   0.   0.   0.   0.   0.   0.   0.   0.   0.   0.
   0.   0.   0.   0.   0.   0.   0.   0.   0.   0.   0.   0.   0.   0.
   0.   0.   0.   0.   0.   0.   0.   0.   0.   0.   0.   0.   0.   0.
   0.   0.   0.   0.   0.   0.   0.   0.   0.   0.   0.   0.   0.   0.
   0.   0.   0.   0.   0.   0.   0.   0.   0.   0.   0.   0.   0.   0.
   0.   0.   0.   0.   0.   0.   0.   0.   0.   0.   0.   0.   0.   0.
   0.   0.   0.   0.   0.   0.   0.   0.   0.   0.   0.   0.   0.   0.
   0.   0.   0.   0.   0.   0.   0.   0.   0.   0.   0.   0.   0.   0.
   0.   0.   0.   0.   0.   0.   0.   0.   0.   0.   0.   0.   0.   0.
   0.   0.   0.   0.   0.   0.   0.   0.   0.   0.   0.   0.   0.   0.
   0.   0.   0.   0.   0.   0.   0.   0.   0.   0.   0.   0.   0.   0.
   0.   0.   0.   0.   0.   0.   0.   0.   0.   0.   0.   0.   0.   0.
   0.   0.   0.   0.   0.   0.   0.   0.   0.   0.   0.   0.   0.   0.
   0.   0.   0.   0.   0.   0.   0.   0.   0.   0.   0.   0.   0.   0.
   0.   0.   0.   0.   0.   0.   0.   0.   0.   0.   0.   0.   0.   0.
   0.   0.   0.   0.   0.   0.   0.   0.   0.   0.   0.   0.   0.   0.
   0.   0.   0.   0.   0.   0.   0.   0.   0.   0.   0.   0.   0.   0.
   0.   0.   0.   0.   0.   0.   0.   0.   0.   0.   0.   0.   0.   0.
   0.   0.   0.   0.   0.   0.   0.   0.   0.   0.   0.   0.   0.   0.
   0.   0.   0.   0.   0.   0.   0.   0.   0.   0.   0.   0.   0.   0.
   0.   0.   0.   0.   0.   0.   0.   0.   0.   0.   0.   0.   0.   0.
   0.   0.   0.   0.   0.   0.   0.   0.   0.   0.   0.   0.   0.   0.
   0.   0.   0.   0.   0.   0.   0.   0.   0.   0.   0.   0.   0.   0.
   0.   0.   0.   0.   0.   0.   0.   0.   0.   0.   0.   0.   0.   0.
   0.   0.   0.   0.   0.   0.   0.   0.   0.   0.   0.   0.   0.   0.
   0.   0.   0.   0.   0.   0.   0.   0.   0.   0.   0.   0.   0.   0.
   0.   0.   0.   0.   0.   0.   0.   0.   0.   0.   0.   0.   0.   0.
   0.   0.   0.   0.   0.   0.   0.   0.   0.   0.   0.   0.   0.   0.
   0.   0.   0.   0.   0.   0.   0.   0.   0.   0.   0.   0.   0.   0.
   0.   0.   0.   0.   0.   0.   0.   0.   0.   0.   0.   0.   0.   0.
   0.   0.   0.   0.   0.   0.   0.   0.   0.   0.   0.   0.   0.   0.

   0.   0.   0.   0.   0.   0.   0.   0.   0.   0.   0.   0.   0.   0.
   0.   0.   0.   0.   0.   0.   0.   0.   0.   0.   0.   0.   0.   0.
   0.   0.   0.   0.   0.   0.   0.   0.   0.   0.   0.   0.   0.   0.
   0.   0.   0.   0.   0.   0.   0.   0.   0.   0.   0.   0.   0.   0.
   0.   0.   0.   0.   0.   0.   0.   0.   0.   0.   0.   0.   0.   0.

         column 29 to 42

   0.   0.   0.   0.   0.   0.   0.   0.   0.   0.   0.   0.   0.   0.
   0.   0.   0.   0.   0.   0.   0.   0.   0.   0.   0.   0.   0.   0.
   0.   0.   0.   0.   0.   0.   0.   0.   0.   0.   0.   0.   0.   0.
   0.   0.   0.   0.   0.   0.   0.   0.   0.   0.   0.   0.   0.   0.
   0.   0.   0.   0.   0.   0.   0.   0.   0.   0.   0.   0.   0.   0.
   0.   0.   0.   0.   0.   0.   0.   0.   0.   0.   0.   0.   0.   0.
   0.   0.   0.   0.   0.   0.   0.   0.   0.   0.   0.   0.   0.   0.
   0.   0.   0.   0.   0.   0.   0.   0.   0.   0.   0.   0.   0.   0.
   0.   0.   0.   0.   0.   0.   0.   0.   0.   0.   0.   0.   0.   0.
   0.   0.   0.   0.   0.   0.   0.   0.   0.   0.   0.   0.   0.   0.
   0.   0.   0.   0.   0.   0.   0.   0.   0.   0.   0.   0.   0.   0.
   0.   0.   0.   0.   0.   0.   0.   0.   0.   0.   0.   0.   0.   0.
   0.   0.   0.   0.   0.   0.   0.   0.   0.   0.   0.   0.   0.   0.
   0.   0.   0.   0.   0.   0.   0.   0.   0.   0.   0.   0.   0.   0.
   0.   0.   0.   0.   0.   0.   0.   0.   0.   0.   0.   0.   0.   0.
   0.   0.   0.   0.   0.   0.   0.   0.   0.   0.   0.   0.   0.   0.
   0.   0.   0.   0.   0.   0.   0.   0.   0.   0.   0.   0.   0.   0.
   0.   0.   0.   0.   0.   0.   0.   0.   0.   0.   0.   0.   0.   0.
   0.   0.   0.   0.   0.   0.   0.   0.   0.   0.   0.   0.   0.   0.
   0.   0.   0.   0.   0.   0.   0.   0.   0.   0.   0.   0.   0.   0.
   0.   0.   0.   0.   0.   0.   0.   0.   0.   0.   0.   0.   0.   0.
   0.   0.   0.   0.   0.   0.   0.   0.   0.   0.   0.   0.   0.   0.
   0.   0.   0.   0.   0.   0.   0.   0.   0.   0.   0.   0.   0.   0.
   0.   0.   0.   0.   0.   0.   0.   0.   0.   0.   0.   0.   0.   0.
   0.   0.   0.   0.   0.   0.   0.   0.   0.   0.   0.   0.   0.   0.
   0.   0.   0.   0.   0.   0.   0.   0.   0.   0.   0.   0.   0.   0.
   0.   0.   0.   0.   0.   0.   0.   0.   0.   0.   0.   0.   0.   0.
   0.   0.   0.   0.   0.   0.   0.   0.   0.   0.   0.   0.   0.   0.
   0.   0.   0.   0.   0.   0.   0.   0.   0.   0.   0.   0.   0.   0.
   0.   0.   0.   0.   0.   0.   0.   0.   0.   0.   0.   0.   0.   0.
   0.   0.   0.   0.   0.   0.   0.   0.   0.   0.   0.   0.   0.   0.
   0.   0.   0.   0.   0.   0.   0.   0.   0.   0.   0.   0.   0.   0.
   0.   0.   0.   0.   0.   0.   0.   0.   0.   0.   0.   0.   0.   0.
   0.   0.   0.   0.   0.   0.   0.   0.   0.   0.   0.   0.   0.   0.
   0.   0.   0.   0.   0.   0.   0.   0.   0.   0.   0.   0.   0.   0.
   0.   0.   0.   0.   0.   0.   0.   0.   0.   0.   0.   0.   0.   0.
   0.   0.   0.   0.   0.   0.   0.   0.   0.   0.   0.   0.   0.   0.
   0.   0.   0.   0.   0.   0.   0.   0.   0.   0.   0.   0.   0.   0.
   0.   0.   0.   0.   0.   0.   0.   0.   0.   0.   0.   0.   0.   0.
   0.   0.   0.   0.   0.   0.   0.   0.   0.   0.   0.   0.   0.   0.
   0.   0.   0.   0.   0.   0.   0.   0.   0.   0.   0.   0.   0.   0.
   0.   0.   0.   0.   0.   0.   0.   0.   0.   0.   0.   0.   0.   0.
   0.   0.   0.   0.   0.   0.   0.   0.   0.   0.   0.   0.   0.   0.
   0.   0.   0.   0.   0.   0.   0.   0.   0.   0.   0.   0.   0.   0.
   0.   0.   0.   0.   0.   0.   0.   0.   0.   0.   0.   0.   0.   0.
   0.   0.   0.   0.   0.   0.   0.   0.   0.   0.   0.   0.   0.   0.
   0.   0.   0.   0.   0.   0.   0.   0.   0.   0.   0.   0.   0.   0.
   0.   0.   0.   0.   0.   0.   0.   0.   0.   0.   0.   0.   0.   0.
   0.   0.   0.   0.   0.   0.   0.   0.   0.   0.   0.   0.   0.   0.
   0.   0.   0.   0.   0.   0.   0.   0.   0.   0.   0.   0.   0.   0.

         column 43 to 50

   0.   0.   0.   0.   0.   0.   0.   0.
   0.   0.   0.   0.   0.   0.   0.   0.
   0.   0.   0.   0.   0.   0.   0.   0.
   0.   0.   0.   0.   0.   0.   0.   0.
   0.   0.   0.   0.   0.   0.   0.   0.
   0.   0.   0.   0.   0.   0.   0.   0.
   0.   0.   0.   0.   0.   0.   0.   0.
   0.   0.   0.   0.   0.   0.   0.   0.
   0.   0.   0.   0.   0.   0.   0.   0.
   0.   0.   0.   0.   0.   0.   0.   0.
   0.   0.   0.   0.   0.   0.   0.   0.
   0.   0.   0.   0.   0.   0.   0.   0.
   0.   0.   0.   0.   0.   0.   0.   0.
   0.   0.   0.   0.   0.   0.   0.   0.
   0.   0.   0.   0.   0.   0.   0.   0.
   0.   0.   0.   0.   0.   0.   0.   0.
   0.   0.   0.   0.   0.   0.   0.   0.
   0.   0.   0.   0.   0.   0.   0.   0.
   0.   0.   0.   0.   0.   0.   0.   0.
   0.   0.   0.   0.   0.   0.   0.   0.
   0.   0.   0.   0.   0.   0.   0.   0.
   0.   0.   0.   0.   0.   0.   0.   0.
   0.   0.   0.   0.   0.   0.   0.   0.
   0.   0.   0.   0.   0.   0.   0.   0.
   0.   0.   0.   0.   0.   0.   0.   0.
   0.   0.   0.   0.   0.   0.   0.   0.
   0.   0.   0.   0.   0.   0.   0.   0.
   0.   0.   0.   0.   0.   0.   0.   0.
   0.   0.   0.   0.   0.   0.   0.   0.
   0.   0.   0.   0.   0.   0.   0.   0.
   0.   0.   0.   0.   0.   0.   0.   0.
   0.   0.   0.   0.   0.   0.   0.   0.
   0.   0.   0.   0.   0.   0.   0.   0.
   0.   0.   0.   0.   0.   0.   0.   0.
   0.   0.   0.   0.   0.   0.   0.   0.
   0.   0.   0.   0.   0.   0.   0.   0.
   0.   0.   0.   0.   0.   0.   0.   0.
   0.   0.   0.   0.   0.   0.   0.   0.
   0.   0.   0.   0.   0.   0.   0.   0.

   0.   0.   0.   0.   0.   0.   0.   0.
   0.   0.   0.   0.   0.   0.   0.   0.
   0.   0.   0.   0.   0.   0.   0.   0.
   0.   0.   0.   0.   0.   0.   0.   0.
   0.   0.   0.   0.   0.   0.   0.   0.
   0.   0.   0.   0.   0.   0.   0.   0.
   0.   0.   0.   0.   0.   0.   0.   0.
   0.   0.   0.   0.   0.   0.   0.   0.
   0.   0.   0.   0.   0.   0.   0.   0.
   0.   0.   0.   0.   0.   0.   0.   0.
   0.   0.   0.   0.   0.   0.   0.   0.


--> eye(50, 50);

--> eye(50, 50)
 ans  =


         column 1 to 14

   1.   0.   0.   0.   0.   0.   0.   0.   0.   0.   0.   0.   0.   0.
   0.   1.   0.   0.   0.   0.   0.   0.   0.   0.   0.   0.   0.   0.
   0.   0.   1.   0.   0.   0.   0.   0.   0.   0.   0.   0.   0.   0.
   0.   0.   0.   1.   0.   0.   0.   0.   0.   0.   0.   0.   0.   0.
   0.   0.   0.   0.   1.   0.   0.   0.   0.   0.   0.   0.   0.   0.
   0.   0.   0.   0.   0.   1.   0.   0.   0.   0.   0.   0.   0.   0.
   0.   0.   0.   0.   0.   0.   1.   0.   0.   0.   0.   0.   0.   0.
   0.   0.   0.   0.   0.   0.   0.   1.   0.   0.   0.   0.   0.   0.
   0.   0.   0.   0.   0.   0.   0.   0.   1.   0.   0.   0.   0.   0.
   0.   0.   0.   0.   0.   0.   0.   0.   0.   1.   0.   0.   0.   0.
   0.   0.   0.   0.   0.   0.   0.   0.   0.   0.   1.   0.   0.   0.
   0.   0.   0.   0.   0.   0.   0.   0.   0.   0.   0.   1.   0.   0.
   0.   0.   0.   0.   0.   0.   0.   0.   0.   0.   0.   0.   1.   0.
   0.   0.   0.   0.   0.   0.   0.   0.   0.   0.   0.   0.   0.   1.
   0.   0.   0.   0.   0.   0.   0.   0.   0.   0.   0.   0.   0.   0.
   0.   0.   0.   0.   0.   0.   0.   0.   0.   0.   0.   0.   0.   0.
   0.   0.   0.   0.   0.   0.   0.   0.   0.   0.   0.   0.   0.   0.
   0.   0.   0.   0.   0.   0.   0.   0.   0.   0.   0.   0.   0.   0.
   0.   0.   0.   0.   0.   0.   0.   0.   0.   0.   0.   0.   0.   0.
   0.   0.   0.   0.   0.   0.   0.   0.   0.   0.   0.   0.   0.   0.
   0.   0.   0.   0.   0.   0.   0.   0.   0.   0.   0.   0.   0.   0.
   0.   0.   0.   0.   0.   0.   0.   0.   0.   0.   0.   0.   0.   0.
   0.   0.   0.   0.   0.   0.   0.   0.   0.   0.   0.   0.   0.   0.
   0.   0.   0.   0.   0.   0.   0.   0.   0.   0.   0.   0.   0.   0.
   0.   0.   0.   0.   0.   0.   0.   0.   0.   0.   0.   0.   0.   0.
   0.   0.   0.   0.   0.   0.   0.   0.   0.   0.   0.   0.   0.   0.
   0.   0.   0.   0.   0.   0.   0.   0.   0.   0.   0.   0.   0.   0.
   0.   0.   0.   0.   0.   0.   0.   0.   0.   0.   0.   0.   0.   0.
   0.   0.   0.   0.   0.   0.   0.   0.   0.   0.   0.   0.   0.   0.
   0.   0.   0.   0.   0.   0.   0.   0.   0.   0.   0.   0.   0.   0.
   0.   0.   0.   0.   0.   0.   0.   0.   0.   0.   0.   0.   0.   0.
   0.   0.   0.   0.   0.   0.   0.   0.   0.   0.   0.   0.   0.   0.
   0.   0.   0.   0.   0.   0.   0.   0.   0.   0.   0.   0.   0.   0.
   0.   0.   0.   0.   0.   0.   0.   0.   0.   0.   0.   0.   0.   0.
   0.   0.   0.   0.   0.   0.   0.   0.   0.   0.   0.   0.   0.   0.
   0.   0.   0.   0.   0.   0.   0.   0.   0.   0.   0.   0.   0.   0.
   0.   0.   0.   0.   0.   0.   0.   0.   0.   0.   0.   0.   0.   0.
   0.   0.   0.   0.   0.   0.   0.   0.   0.   0.   0.   0.   0.   0.
   0.   0.   0.   0.   0.   0.   0.   0.   0.   0.   0.   0.   0.   0.
   0.   0.   0.   0.   0.   0.   0.   0.   0.   0.   0.   0.   0.   0.
   0.   0.   0.   0.   0.   0.   0.   0.   0.   0.   0.   0.   0.   0.
   0.   0.   0.   0.   0.   0.   0.   0.   0.   0.   0.   0.   0.   0.
   0.   0.   0.   0.   0.   0.   0.   0.   0.   0.   0.   0.   0.   0.
   0.   0.   0.   0.   0.   0.   0.   0.   0.   0.   0.   0.   0.   0.
   0.   0.   0.   0.   0.   0.   0.   0.   0.   0.   0.   0.   0.   0.
   0.   0.   0.   0.   0.   0.   0.   0.   0.   0.   0.   0.   0.   0.
   0.   0.   0.   0.   0.   0.   0.   0.   0.   0.   0.   0.   0.   0.
   0.   0.   0.   0.   0.   0.   0.   0.   0.   0.   0.   0.   0.   0.
   0.   0.   0.   0.   0.   0.   0.   0.   0.   0.   0.   0.   0.   0.
   0.   0.   0.   0.   0.   0.   0.   0.   0.   0.   0.   0.   0.   0.

         column 15 to 28

   0.   0.   0.   0.   0.   0.   0.   0.   0.   0.   0.   0.   0.   0.
   0.   0.   0.   0.   0.   0.   0.   0.   0.   0.   0.   0.   0.   0.
   0.   0.   0.   0.   0.   0.   0.   0.   0.   0.   0.   0.   0.   0.
   0.   0.   0.   0.   0.   0.   0.   0.   0.   0.   0.   0.   0.   0.
   0.   0.   0.   0.   0.   0.   0.   0.   0.   0.   0.   0.   0.   0.
   0.   0.   0.   0.   0.   0.   0.   0.   0.   0.   0.   0.   0.   0.
   0.   0.   0.   0.   0.   0.   0.   0.   0.   0.   0.   0.   0.   0.
   0.   0.   0.   0.   0.   0.   0.   0.   0.   0.   0.   0.   0.   0.
   0.   0.   0.   0.   0.   0.   0.   0.   0.   0.   0.   0.   0.   0.
   0.   0.   0.   0.   0.   0.   0.   0.   0.   0.   0.   0.   0.   0.
   0.   0.   0.   0.   0.   0.   0.   0.   0.   0.   0.   0.   0.   0.
   0.   0.   0.   0.   0.   0.   0.   0.   0.   0.   0.   0.   0.   0.
   0.   0.   0.   0.   0.   0.   0.   0.   0.   0.   0.   0.   0.   0.
   0.   0.   0.   0.   0.   0.   0.   0.   0.   0.   0.   0.   0.   0.
   1.   0.   0.   0.   0.   0.   0.   0.   0.   0.   0.   0.   0.   0.
   0.   1.   0.   0.   0.   0.   0.   0.   0.   0.   0.   0.   0.   0.
   0.   0.   1.   0.   0.   0.   0.   0.   0.   0.   0.   0.   0.   0.
   0.   0.   0.   1.   0.   0.   0.   0.   0.   0.   0.   0.   0.   0.
   0.   0.   0.   0.   1.   0.   0.   0.   0.   0.   0.   0.   0.   0.
   0.   0.   0.   0.   0.   1.   0.   0.   0.   0.   0.   0.   0.   0.
   0.   0.   0.   0.   0.   0.   1.   0.   0.   0.   0.   0.   0.   0.
   0.   0.   0.   0.   0.   0.   0.   1.   0.   0.   0.   0.   0.   0.
   0.   0.   0.   0.   0.   0.   0.   0.   1.   0.   0.   0.   0.   0.
   0.   0.   0.   0.   0.   0.   0.   0.   0.   1.   0.   0.   0.   0.
   0.   0.   0.   0.   0.   0.   0.   0.   0.   0.   1.   0.   0.   0.
   0.   0.   0.   0.   0.   0.   0.   0.   0.   0.   0.   1.   0.   0.
   0.   0.   0.   0.   0.   0.   0.   0.   0.   0.   0.   0.   1.   0.
   0.   0.   0.   0.   0.   0.   0.   0.   0.   0.   0.   0.   0.   1.
   0.   0.   0.   0.   0.   0.   0.   0.   0.   0.   0.   0.   0.   0.
   0.   0.   0.   0.   0.   0.   0.   0.   0.   0.   0.   0.   0.   0.
   0.   0.   0.   0.   0.   0.   0.   0.   0.   0.   0.   0.   0.   0.
   0.   0.   0.   0.   0.   0.   0.   0.   0.   0.   0.   0.   0.   0.
   0.   0.   0.   0.   0.   0.   0.   0.   0.   0.   0.   0.   0.   0.
   0.   0.   0.   0.   0.   0.   0.   0.   0.   0.   0.   0.   0.   0.
   0.   0.   0.   0.   0.   0.   0.   0.   0.   0.   0.   0.   0.   0.
   0.   0.   0.   0.   0.   0.   0.   0.   0.   0.   0.   0.   0.   0.
   0.   0.   0.   0.   0.   0.   0.   0.   0.   0.   0.   0.   0.   0.
   0.   0.   0.   0.   0.   0.   0.   0.   0.   0.   0.   0.   0.   0.
   0.   0.   0.   0.   0.   0.   0.   0.   0.   0.   0.   0.   0.   0.
   0.   0.   0.   0.   0.   0.   0.   0.   0.   0.   0.   0.   0.   0.
   0.   0.   0.   0.   0.   0.   0.   0.   0.   0.   0.   0.   0.   0.
   0.   0.   0.   0.   0.   0.   0.   0.   0.   0.   0.   0.   0.   0.
   0.   0.   0.   0.   0.   0.   0.   0.   0.   0.   0.   0.   0.   0.
   0.   0.   0.   0.   0.   0.   0.   0.   0.   0.   0.   0.   0.   0.
   0.   0.   0.   0.   0.   0.   0.   0.   0.   0.   0.   0.   0.   0.

   0.   0.   0.   0.   0.   0.   0.   0.   0.   0.   0.   0.   0.   0.
   0.   0.   0.   0.   0.   0.   0.   0.   0.   0.   0.   0.   0.   0.
   0.   0.   0.   0.   0.   0.   0.   0.   0.   0.   0.   0.   0.   0.
   0.   0.   0.   0.   0.   0.   0.   0.   0.   0.   0.   0.   0.   0.
   0.   0.   0.   0.   0.   0.   0.   0.   0.   0.   0.   0.   0.   0.

         column 29 to 42

   0.   0.   0.   0.   0.   0.   0.   0.   0.   0.   0.   0.   0.   0.
   0.   0.   0.   0.   0.   0.   0.   0.   0.   0.   0.   0.   0.   0.
   0.   0.   0.   0.   0.   0.   0.   0.   0.   0.   0.   0.   0.   0.
   0.   0.   0.   0.   0.   0.   0.   0.   0.   0.   0.   0.   0.   0.
   0.   0.   0.   0.   0.   0.   0.   0.   0.   0.   0.   0.   0.   0.
   0.   0.   0.   0.   0.   0.   0.   0.   0.   0.   0.   0.   0.   0.
   0.   0.   0.   0.   0.   0.   0.   0.   0.   0.   0.   0.   0.   0.
   0.   0.   0.   0.   0.   0.   0.   0.   0.   0.   0.   0.   0.   0.
   0.   0.   0.   0.   0.   0.   0.   0.   0.   0.   0.   0.   0.   0.
   0.   0.   0.   0.   0.   0.   0.   0.   0.   0.   0.   0.   0.   0.
   0.   0.   0.   0.   0.   0.   0.   0.   0.   0.   0.   0.   0.   0.
   0.   0.   0.   0.   0.   0.   0.   0.   0.   0.   0.   0.   0.   0.
   0.   0.   0.   0.   0.   0.   0.   0.   0.   0.   0.   0.   0.   0.
   0.   0.   0.   0.   0.   0.   0.   0.   0.   0.   0.   0.   0.   0.
   0.   0.   0.   0.   0.   0.   0.   0.   0.   0.   0.   0.   0.   0.
   0.   0.   0.   0.   0.   0.   0.   0.   0.   0.   0.   0.   0.   0.
   0.   0.   0.   0.   0.   0.   0.   0.   0.   0.   0.   0.   0.   0.
   0.   0.   0.   0.   0.   0.   0.   0.   0.   0.   0.   0.   0.   0.
   0.   0.   0.   0.   0.   0.   0.   0.   0.   0.   0.   0.   0.   0.
   0.   0.   0.   0.   0.   0.   0.   0.   0.   0.   0.   0.   0.   0.
   0.   0.   0.   0.   0.   0.   0.   0.   0.   0.   0.   0.   0.   0.
   0.   0.   0.   0.   0.   0.   0.   0.   0.   0.   0.   0.   0.   0.
   0.   0.   0.   0.   0.   0.   0.   0.   0.   0.   0.   0.   0.   0.
   0.   0.   0.   0.   0.   0.   0.   0.   0.   0.   0.   0.   0.   0.
   0.   0.   0.   0.   0.   0.   0.   0.   0.   0.   0.   0.   0.   0.
   0.   0.   0.   0.   0.   0.   0.   0.   0.   0.   0.   0.   0.   0.
   0.   0.   0.   0.   0.   0.   0.   0.   0.   0.   0.   0.   0.   0.
   0.   0.   0.   0.   0.   0.   0.   0.   0.   0.   0.   0.   0.   0.
   1.   0.   0.   0.   0.   0.   0.   0.   0.   0.   0.   0.   0.   0.
   0.   1.   0.   0.   0.   0.   0.   0.   0.   0.   0.   0.   0.   0.
   0.   0.   1.   0.   0.   0.   0.   0.   0.   0.   0.   0.   0.   0.
   0.   0.   0.   1.   0.   0.   0.   0.   0.   0.   0.   0.   0.   0.
   0.   0.   0.   0.   1.   0.   0.   0.   0.   0.   0.   0.   0.   0.
   0.   0.   0.   0.   0.   1.   0.   0.   0.   0.   0.   0.   0.   0.
   0.   0.   0.   0.   0.   0.   1.   0.   0.   0.   0.   0.   0.   0.
   0.   0.   0.   0.   0.   0.   0.   1.   0.   0.   0.   0.   0.   0.
   0.   0.   0.   0.   0.   0.   0.   0.   1.   0.   0.   0.   0.   0.
   0.   0.   0.   0.   0.   0.   0.   0.   0.   1.   0.   0.   0.   0.
   0.   0.   0.   0.   0.   0.   0.   0.   0.   0.   1.   0.   0.   0.
   0.   0.   0.   0.   0.   0.   0.   0.   0.   0.   0.   1.   0.   0.
   0.   0.   0.   0.   0.   0.   0.   0.   0.   0.   0.   0.   1.   0.
   0.   0.   0.   0.   0.   0.   0.   0.   0.   0.   0.   0.   0.   1.
   0.   0.   0.   0.   0.   0.   0.   0.   0.   0.   0.   0.   0.   0.
   0.   0.   0.   0.   0.   0.   0.   0.   0.   0.   0.   0.   0.   0.
   0.   0.   0.   0.   0.   0.   0.   0.   0.   0.   0.   0.   0.   0.
   0.   0.   0.   0.   0.   0.   0.   0.   0.   0.   0.   0.   0.   0.
   0.   0.   0.   0.   0.   0.   0.   0.   0.   0.   0.   0.   0.   0.
   0.   0.   0.   0.   0.   0.   0.   0.   0.   0.   0.   0.   0.   0.
   0.   0.   0.   0.   0.   0.   0.   0.   0.   0.   0.   0.   0.   0.
   0.   0.   0.   0.   0.   0.   0.   0.   0.   0.   0.   0.   0.   0.

         column 43 to 50

   0.   0.   0.   0.   0.   0.   0.   0.
   0.   0.   0.   0.   0.   0.   0.   0.
   0.   0.   0.   0.   0.   0.   0.   0.
   0.   0.   0.   0.   0.   0.   0.   0.
   0.   0.   0.   0.   0.   0.   0.   0.
   0.   0.   0.   0.   0.   0.   0.   0.
   0.   0.   0.   0.   0.   0.   0.   0.
   0.   0.   0.   0.   0.   0.   0.   0.
   0.   0.   0.   0.   0.   0.   0.   0.
   0.   0.   0.   0.   0.   0.   0.   0.
   0.   0.   0.   0.   0.   0.   0.   0.
   0.   0.   0.   0.   0.   0.   0.   0.
   0.   0.   0.   0.   0.   0.   0.   0.
   0.   0.   0.   0.   0.   0.   0.   0.
   0.   0.   0.   0.   0.   0.   0.   0.
   0.   0.   0.   0.   0.   0.   0.   0.
   0.   0.   0.   0.   0.   0.   0.   0.
   0.   0.   0.   0.   0.   0.   0.   0.
   0.   0.   0.   0.   0.   0.   0.   0.
   0.   0.   0.   0.   0.   0.   0.   0.
   0.   0.   0.   0.   0.   0.   0.   0.
   0.   0.   0.   0.   0.   0.   0.   0.
   0.   0.   0.   0.   0.   0.   0.   0.
   0.   0.   0.   0.   0.   0.   0.   0.
   0.   0.   0.   0.   0.   0.   0.   0.
   0.   0.   0.   0.   0.   0.   0.   0.
   0.   0.   0.   0.   0.   0.   0.   0.
   0.   0.   0.   0.   0.   0.   0.   0.
   0.   0.   0.   0.   0.   0.   0.   0.
   0.   0.   0.   0.   0.   0.   0.   0.
   0.   0.   0.   0.   0.   0.   0.   0.
   0.   0.   0.   0.   0.   0.   0.   0.
   0.   0.   0.   0.   0.   0.   0.   0.
   0.   0.   0.   0.   0.   0.   0.   0.
   0.   0.   0.   0.   0.   0.   0.   0.
   0.   0.   0.   0.   0.   0.   0.   0.
   0.   0.   0.   0.   0.   0.   0.   0.
   0.   0.   0.   0.   0.   0.   0.   0.
   0.   0.   0.   0.   0.   0.   0.   0.

   0.   0.   0.   0.   0.   0.   0.   0.
   0.   0.   0.   0.   0.   0.   0.   0.
   0.   0.   0.   0.   0.   0.   0.   0.
   1.   0.   0.   0.   0.   0.   0.   0.
   0.   1.   0.   0.   0.   0.   0.   0.
   0.   0.   1.   0.   0.   0.   0.   0.
   0.   0.   0.   1.   0.   0.   0.   0.
   0.   0.   0.   0.   1.   0.   0.   0.
   0.   0.   0.   0.   0.   1.   0.   0.
   0.   0.   0.   0.   0.   0.   1.   0.
   0.   0.   0.   0.   0.   0.   0.   1.


--> eye * 10

eye: Tamaño incorrecto del argumento de entrada #1: Se esperaba un escalar.

--> c = eye(50,50) * 10
 c  = 


         column 1 to 12

   10.   0.    0.    0.    0.    0.    0.    0.    0.    0.    0.    0. 
   0.    10.   0.    0.    0.    0.    0.    0.    0.    0.    0.    0. 
   0.    0.    10.   0.    0.    0.    0.    0.    0.    0.    0.    0. 
   0.    0.    0.    10.   0.    0.    0.    0.    0.    0.    0.    0. 
   0.    0.    0.    0.    10.   0.    0.    0.    0.    0.    0.    0. 
   0.    0.    0.    0.    0.    10.   0.    0.    0.    0.    0.    0. 
   0.    0.    0.    0.    0.    0.    10.   0.    0.    0.    0.    0. 
   0.    0.    0.    0.    0.    0.    0.    10.   0.    0.    0.    0. 
   0.    0.    0.    0.    0.    0.    0.    0.    10.   0.    0.    0. 
   0.    0.    0.    0.    0.    0.    0.    0.    0.    10.   0.    0. 
   0.    0.    0.    0.    0.    0.    0.    0.    0.    0.    10.   0. 
   0.    0.    0.    0.    0.    0.    0.    0.    0.    0.    0.    10.
   0.    0.    0.    0.    0.    0.    0.    0.    0.    0.    0.    0. 
   0.    0.    0.    0.    0.    0.    0.    0.    0.    0.    0.    0. 
   0.    0.    0.    0.    0.    0.    0.    0.    0.    0.    0.    0. 
   0.    0.    0.    0.    0.    0.    0.    0.    0.    0.    0.    0. 
   0.    0.    0.    0.    0.    0.    0.    0.    0.    0.    0.    0. 
   0.    0.    0.    0.    0.    0.    0.    0.    0.    0.    0.    0. 
   0.    0.    0.    0.    0.    0.    0.    0.    0.    0.    0.    0. 
   0.    0.    0.    0.    0.    0.    0.    0.    0.    0.    0.    0. 
   0.    0.    0.    0.    0.    0.    0.    0.    0.    0.    0.    0. 
   0.    0.    0.    0.    0.    0.    0.    0.    0.    0.    0.    0. 
   0.    0.    0.    0.    0.    0.    0.    0.    0.    0.    0.    0. 
   0.    0.    0.    0.    0.    0.    0.    0.    0.    0.    0.    0. 
   0.    0.    0.    0.    0.    0.    0.    0.    0.    0.    0.    0. 
   0.    0.    0.    0.    0.    0.    0.    0.    0.    0.    0.    0. 
   0.    0.    0.    0.    0.    0.    0.    0.    0.    0.    0.    0. 
   0.    0.    0.    0.    0.    0.    0.    0.    0.    0.    0.    0. 
   0.    0.    0.    0.    0.    0.    0.    0.    0.    0.    0.    0. 
   0.    0.    0.    0.    0.    0.    0.    0.    0.    0.    0.    0. 
   0.    0.    0.    0.    0.    0.    0.    0.    0.    0.    0.    0. 
   0.    0.    0.    0.    0.    0.    0.    0.    0.    0.    0.    0. 
   0.    0.    0.    0.    0.    0.    0.    0.    0.    0.    0.    0. 
   0.    0.    0.    0.    0.    0.    0.    0.    0.    0.    0.    0. 
   0.    0.    0.    0.    0.    0.    0.    0.    0.    0.    0.    0. 
   0.    0.    0.    0.    0.    0.    0.    0.    0.    0.    0.    0. 
   0.    0.    0.    0.    0.    0.    0.    0.    0.    0.    0.    0. 
   0.    0.    0.    0.    0.    0.    0.    0.    0.    0.    0.    0. 
   0.    0.    0.    0.    0.    0.    0.    0.    0.    0.    0.    0. 
   0.    0.    0.    0.    0.    0.    0.    0.    0.    0.    0.    0. 
   0.    0.    0.    0.    0.    0.    0.    0.    0.    0.    0.    0. 
   0.    0.    0.    0.    0.    0.    0.    0.    0.    0.    0.    0. 
   0.    0.    0.    0.    0.    0.    0.    0.    0.    0.    0.    0. 
   0.    0.    0.    0.    0.    0.    0.    0.    0.    0.    0.    0. 
   0.    0.    0.    0.    0.    0.    0.    0.    0.    0.    0.    0. 
   0.    0.    0.    0.    0.    0.    0.    0.    0.    0.    0.    0. 
   0.    0.    0.    0.    0.    0.    0.    0.    0.    0.    0.    0. 
   0.    0.    0.    0.    0.    0.    0.    0.    0.    0.    0.    0. 
   0.    0.    0.    0.    0.    0.    0.    0.    0.    0.    0.    0. 
   0.    0.    0.    0.    0.    0.    0.    0.    0.    0.    0.    0. 

         column 13 to 24

   0.    0.    0.    0.    0.    0.    0.    0.    0.    0.    0.    0. 
   0.    0.    0.    0.    0.    0.    0.    0.    0.    0.    0.    0. 
   0.    0.    0.    0.    0.    0.    0.    0.    0.    0.    0.    0. 
   0.    0.    0.    0.    0.    0.    0.    0.    0.    0.    0.    0. 
   0.    0.    0.    0.    0.    0.    0.    0.    0.    0.    0.    0. 
   0.    0.    0.    0.    0.    0.    0.    0.    0.    0.    0.    0. 
   0.    0.    0.    0.    0.    0.    0.    0.    0.    0.    0.    0. 
   0.    0.    0.    0.    0.    0.    0.    0.    0.    0.    0.    0. 
   0.    0.    0.    0.    0.    0.    0.    0.    0.    0.    0.    0. 
   0.    0.    0.    0.    0.    0.    0.    0.    0.    0.    0.    0. 
   0.    0.    0.    0.    0.    0.    0.    0.    0.    0.    0.    0. 
   0.    0.    0.    0.    0.    0.    0.    0.    0.    0.    0.    0. 
   10.   0.    0.    0.    0.    0.    0.    0.    0.    0.    0.    0. 
   0.    10.   0.    0.    0.    0.    0.    0.    0.    0.    0.    0. 
   0.    0.    10.   0.    0.    0.    0.    0.    0.    0.    0.    0. 
   0.    0.    0.    10.   0.    0.    0.    0.    0.    0.    0.    0. 
   0.    0.    0.    0.    10.   0.    0.    0.    0.    0.    0.    0. 
   0.    0.    0.    0.    0.    10.   0.    0.    0.    0.    0.    0. 
   0.    0.    0.    0.    0.    0.    10.   0.    0.    0.    0.    0. 
   0.    0.    0.    0.    0.    0.    0.    10.   0.    0.    0.    0. 
   0.    0.    0.    0.    0.    0.    0.    0.    10.   0.    0.    0. 
   0.    0.    0.    0.    0.    0.    0.    0.    0.    10.   0.    0. 
   0.    0.    0.    0.    0.    0.    0.    0.    0.    0.    10.   0. 
   0.    0.    0.    0.    0.    0.    0.    0.    0.    0.    0.    10.
   0.    0.    0.    0.    0.    0.    0.    0.    0.    0.    0.    0. 
   0.    0.    0.    0.    0.    0.    0.    0.    0.    0.    0.    0. 
   0.    0.    0.    0.    0.    0.    0.    0.    0.    0.    0.    0. 
   0.    0.    0.    0.    0.    0.    0.    0.    0.    0.    0.    0. 
   0.    0.    0.    0.    0.    0.    0.    0.    0.    0.    0.    0. 
   0.    0.    0.    0.    0.    0.    0.    0.    0.    0.    0.    0. 
   0.    0.    0.    0.    0.    0.    0.    0.    0.    0.    0.    0. 
   0.    0.    0.    0.    0.    0.    0.    0.    0.    0.    0.    0. 
   0.    0.    0.    0.    0.    0.    0.    0.    0.    0.    0.    0. 
   0.    0.    0.    0.    0.    0.    0.    0.    0.    0.    0.    0. 
   0.    0.    0.    0.    0.    0.    0.    0.    0.    0.    0.    0. 
   0.    0.    0.    0.    0.    0.    0.    0.    0.    0.    0.    0. 
   0.    0.    0.    0.    0.    0.    0.    0.    0.    0.    0.    0. 
   0.    0.    0.    0.    0.    0.    0.    0.    0.    0.    0.    0. 
   0.    0.    0.    0.    0.    0.    0.    0.    0.    0.    0.    0. 
   0.    0.    0.    0.    0.    0.    0.    0.    0.    0.    0.    0. 
   0.    0.    0.    0.    0.    0.    0.    0.    0.    0.    0.    0. 
   0.    0.    0.    0.    0.    0.    0.    0.    0.    0.    0.    0. 
   0.    0.    0.    0.    0.    0.    0.    0.    0.    0.    0.    0. 
   0.    0.    0.    0.    0.    0.    0.    0.    0.    0.    0.    0. 
   0.    0.    0.    0.    0.    0.    0.    0.    0.    0.    0.    0. 

   0.    0.    0.    0.    0.    0.    0.    0.    0.    0.    0.    0. 
   0.    0.    0.    0.    0.    0.    0.    0.    0.    0.    0.    0. 
   0.    0.    0.    0.    0.    0.    0.    0.    0.    0.    0.    0. 
   0.    0.    0.    0.    0.    0.    0.    0.    0.    0.    0.    0. 
   0.    0.    0.    0.    0.    0.    0.    0.    0.    0.    0.    0. 

         column 25 to 36

   0.    0.    0.    0.    0.    0.    0.    0.    0.    0.    0.    0. 
   0.    0.    0.    0.    0.    0.    0.    0.    0.    0.    0.    0. 
   0.    0.    0.    0.    0.    0.    0.    0.    0.    0.    0.    0. 
   0.    0.    0.    0.    0.    0.    0.    0.    0.    0.    0.    0. 
   0.    0.    0.    0.    0.    0.    0.    0.    0.    0.    0.    0. 
   0.    0.    0.    0.    0.    0.    0.    0.    0.    0.    0.    0. 
   0.    0.    0.    0.    0.    0.    0.    0.    0.    0.    0.    0. 
   0.    0.    0.    0.    0.    0.    0.    0.    0.    0.    0.    0. 
   0.    0.    0.    0.    0.    0.    0.    0.    0.    0.    0.    0. 
   0.    0.    0.    0.    0.    0.    0.    0.    0.    0.    0.    0. 
   0.    0.    0.    0.    0.    0.    0.    0.    0.    0.    0.    0. 
   0.    0.    0.    0.    0.    0.    0.    0.    0.    0.    0.    0. 
   0.    0.    0.    0.    0.    0.    0.    0.    0.    0.    0.    0. 
   0.    0.    0.    0.    0.    0.    0.    0.    0.    0.    0.    0. 
   0.    0.    0.    0.    0.    0.    0.    0.    0.    0.    0.    0. 
   0.    0.    0.    0.    0.    0.    0.    0.    0.    0.    0.    0. 
   0.    0.    0.    0.    0.    0.    0.    0.    0.    0.    0.    0. 
   0.    0.    0.    0.    0.    0.    0.    0.    0.    0.    0.    0. 
   0.    0.    0.    0.    0.    0.    0.    0.    0.    0.    0.    0. 
   0.    0.    0.    0.    0.    0.    0.    0.    0.    0.    0.    0. 
   0.    0.    0.    0.    0.    0.    0.    0.    0.    0.    0.    0. 
   0.    0.    0.    0.    0.    0.    0.    0.    0.    0.    0.    0. 
   0.    0.    0.    0.    0.    0.    0.    0.    0.    0.    0.    0. 
   0.    0.    0.    0.    0.    0.    0.    0.    0.    0.    0.    0. 
   10.   0.    0.    0.    0.    0.    0.    0.    0.    0.    0.    0. 
   0.    10.   0.    0.    0.    0.    0.    0.    0.    0.    0.    0. 
   0.    0.    10.   0.    0.    0.    0.    0.    0.    0.    0.    0. 
   0.    0.    0.    10.   0.    0.    0.    0.    0.    0.    0.    0. 
   0.    0.    0.    0.    10.   0.    0.    0.    0.    0.    0.    0. 
   0.    0.    0.    0.    0.    10.   0.    0.    0.    0.    0.    0. 
   0.    0.    0.    0.    0.    0.    10.   0.    0.    0.    0.    0. 
   0.    0.    0.    0.    0.    0.    0.    10.   0.    0.    0.    0. 
   0.    0.    0.    0.    0.    0.    0.    0.    10.   0.    0.    0. 
   0.    0.    0.    0.    0.    0.    0.    0.    0.    10.   0.    0. 
   0.    0.    0.    0.    0.    0.    0.    0.    0.    0.    10.   0. 
   0.    0.    0.    0.    0.    0.    0.    0.    0.    0.    0.    10.
   0.    0.    0.    0.    0.    0.    0.    0.    0.    0.    0.    0. 
   0.    0.    0.    0.    0.    0.    0.    0.    0.    0.    0.    0. 
   0.    0.    0.    0.    0.    0.    0.    0.    0.    0.    0.    0. 
   0.    0.    0.    0.    0.    0.    0.    0.    0.    0.    0.    0. 
   0.    0.    0.    0.    0.    0.    0.    0.    0.    0.    0.    0. 
   0.    0.    0.    0.    0.    0.    0.    0.    0.    0.    0.    0. 
   0.    0.    0.    0.    0.    0.    0.    0.    0.    0.    0.    0. 
   0.    0.    0.    0.    0.    0.    0.    0.    0.    0.    0.    0. 
   0.    0.    0.    0.    0.    0.    0.    0.    0.    0.    0.    0. 
   0.    0.    0.    0.    0.    0.    0.    0.    0.    0.    0.    0. 
   0.    0.    0.    0.    0.    0.    0.    0.    0.    0.    0.    0. 
   0.    0.    0.    0.    0.    0.    0.    0.    0.    0.    0.    0. 
   0.    0.    0.    0.    0.    0.    0.    0.    0.    0.    0.    0. 
   0.    0.    0.    0.    0.    0.    0.    0.    0.    0.    0.    0. 

         column 37 to 48

   0.    0.    0.    0.    0.    0.    0.    0.    0.    0.    0.    0. 
   0.    0.    0.    0.    0.    0.    0.    0.    0.    0.    0.    0. 
   0.    0.    0.    0.    0.    0.    0.    0.    0.    0.    0.    0. 
   0.    0.    0.    0.    0.    0.    0.    0.    0.    0.    0.    0. 
   0.    0.    0.    0.    0.    0.    0.    0.    0.    0.    0.    0. 
   0.    0.    0.    0.    0.    0.    0.    0.    0.    0.    0.    0. 
   0.    0.    0.    0.    0.    0.    0.    0.    0.    0.    0.    0. 
   0.    0.    0.    0.    0.    0.    0.    0.    0.    0.    0.    0. 
   0.    0.    0.    0.    0.    0.    0.    0.    0.    0.    0.    0. 
   0.    0.    0.    0.    0.    0.    0.    0.    0.    0.    0.    0. 
   0.    0.    0.    0.    0.    0.    0.    0.    0.    0.    0.    0. 
   0.    0.    0.    0.    0.    0.    0.    0.    0.    0.    0.    0. 
   0.    0.    0.    0.    0.    0.    0.    0.    0.    0.    0.    0. 
   0.    0.    0.    0.    0.    0.    0.    0.    0.    0.    0.    0. 
   0.    0.    0.    0.    0.    0.    0.    0.    0.    0.    0.    0. 
   0.    0.    0.    0.    0.    0.    0.    0.    0.    0.    0.    0. 
   0.    0.    0.    0.    0.    0.    0.    0.    0.    0.    0.    0. 
   0.    0.    0.    0.    0.    0.    0.    0.    0.    0.    0.    0. 
   0.    0.    0.    0.    0.    0.    0.    0.    0.    0.    0.    0. 
   0.    0.    0.    0.    0.    0.    0.    0.    0.    0.    0.    0. 
   0.    0.    0.    0.    0.    0.    0.    0.    0.    0.    0.    0. 
   0.    0.    0.    0.    0.    0.    0.    0.    0.    0.    0.    0. 
   0.    0.    0.    0.    0.    0.    0.    0.    0.    0.    0.    0. 
   0.    0.    0.    0.    0.    0.    0.    0.    0.    0.    0.    0. 
   0.    0.    0.    0.    0.    0.    0.    0.    0.    0.    0.    0. 
   0.    0.    0.    0.    0.    0.    0.    0.    0.    0.    0.    0. 
   0.    0.    0.    0.    0.    0.    0.    0.    0.    0.    0.    0. 
   0.    0.    0.    0.    0.    0.    0.    0.    0.    0.    0.    0. 
   0.    0.    0.    0.    0.    0.    0.    0.    0.    0.    0.    0. 
   0.    0.    0.    0.    0.    0.    0.    0.    0.    0.    0.    0. 
   0.    0.    0.    0.    0.    0.    0.    0.    0.    0.    0.    0. 
   0.    0.    0.    0.    0.    0.    0.    0.    0.    0.    0.    0. 
   0.    0.    0.    0.    0.    0.    0.    0.    0.    0.    0.    0. 
   0.    0.    0.    0.    0.    0.    0.    0.    0.    0.    0.    0. 
   0.    0.    0.    0.    0.    0.    0.    0.    0.    0.    0.    0. 
   0.    0.    0.    0.    0.    0.    0.    0.    0.    0.    0.    0. 
   10.   0.    0.    0.    0.    0.    0.    0.    0.    0.    0.    0. 
   0.    10.   0.    0.    0.    0.    0.    0.    0.    0.    0.    0. 
   0.    0.    10.   0.    0.    0.    0.    0.    0.    0.    0.    0. 

   0.    0.    0.    10.   0.    0.    0.    0.    0.    0.    0.    0. 
   0.    0.    0.    0.    10.   0.    0.    0.    0.    0.    0.    0. 
   0.    0.    0.    0.    0.    10.   0.    0.    0.    0.    0.    0. 
   0.    0.    0.    0.    0.    0.    10.   0.    0.    0.    0.    0. 
   0.    0.    0.    0.    0.    0.    0.    10.   0.    0.    0.    0. 
   0.    0.    0.    0.    0.    0.    0.    0.    10.   0.    0.    0. 
   0.    0.    0.    0.    0.    0.    0.    0.    0.    10.   0.    0. 
   0.    0.    0.    0.    0.    0.    0.    0.    0.    0.    10.   0. 
   0.    0.    0.    0.    0.    0.    0.    0.    0.    0.    0.    10.
   0.    0.    0.    0.    0.    0.    0.    0.    0.    0.    0.    0. 
   0.    0.    0.    0.    0.    0.    0.    0.    0.    0.    0.    0. 

         column 49 to 50

   0.    0. 
   0.    0. 
   0.    0. 
   0.    0. 
   0.    0. 
   0.    0. 
   0.    0. 
   0.    0. 
   0.    0. 
   0.    0. 
   0.    0. 
   0.    0. 
   0.    0. 
   0.    0. 
   0.    0. 
   0.    0. 
   0.    0. 
   0.    0. 
   0.    0. 
   0.    0. 
   0.    0. 
   0.    0. 
   0.    0. 
   0.    0. 
   0.    0. 
   0.    0. 
   0.    0. 
   0.    0. 
   0.    0. 
   0.    0. 
   0.    0. 
   0.    0. 
   0.    0. 
   0.    0. 
   0.    0. 
   0.    0. 
   0.    0. 
   0.    0. 
   0.    0. 
   0.    0. 
   0.    0. 
   0.    0. 
   0.    0. 
   0.    0. 
   0.    0. 
   0.    0. 
   0.    0. 
   0.    0. 
   10.   0. 
   0.    10.


--> c;

--> eye(3, 3)
 ans  =

   1.   0.   0.
   0.   1.   0.
   0.   0.   1.


--> b = ones(3, 5) * 8
 b  = 

   8.   8.   8.   8.   8.
   8.   8.   8.   8.   8.
   8.   8.   8.   8.   8.


--> a = eye(3, 3)
 a  = 

   1.   0.   0.
   0.   1.   0.
   0.   0.   1.


--> c = -eye(3, 3)
 c  = 

  -1.   0.   0.
   0.  -1.   0.
   0.   0.  -1.


--> d = zeros(3, 5)
 d  = 

   0.   0.   0.   0.   0.
   0.   0.   0.   0.   0.
   0.   0.   0.   0.   0.


--> e = [a, b; c, d]
 e  = 

   1.   0.   0.   8.   8.   8.   8.   8.
   0.   1.   0.   8.   8.   8.   8.   8.
   0.   0.   1.   8.   8.   8.   8.   8.
  -1.   0.   0.   0.   0.   0.   0.   0.
   0.  -1.   0.   0.   0.   0.   0.   0.
   0.   0.  -1.   0.   0.   0.   0.   0.


--> C = zeros(30, 30)
 C  = 


         column 1 to 14

   0.   0.   0.   0.   0.   0.   0.   0.   0.   0.   0.   0.   0.   0.
   0.   0.   0.   0.   0.   0.   0.   0.   0.   0.   0.   0.   0.   0.
   0.   0.   0.   0.   0.   0.   0.   0.   0.   0.   0.   0.   0.   0.
   0.   0.   0.   0.   0.   0.   0.   0.   0.   0.   0.   0.   0.   0.
   0.   0.   0.   0.   0.   0.   0.   0.   0.   0.   0.   0.   0.   0.
   0.   0.   0.   0.   0.   0.   0.   0.   0.   0.   0.   0.   0.   0.
   0.   0.   0.   0.   0.   0.   0.   0.   0.   0.   0.   0.   0.   0.
   0.   0.   0.   0.   0.   0.   0.   0.   0.   0.   0.   0.   0.   0.
   0.   0.   0.   0.   0.   0.   0.   0.   0.   0.   0.   0.   0.   0.
   0.   0.   0.   0.   0.   0.   0.   0.   0.   0.   0.   0.   0.   0.
   0.   0.   0.   0.   0.   0.   0.   0.   0.   0.   0.   0.   0.   0.
   0.   0.   0.   0.   0.   0.   0.   0.   0.   0.   0.   0.   0.   0.
   0.   0.   0.   0.   0.   0.   0.   0.   0.   0.   0.   0.   0.   0.
   0.   0.   0.   0.   0.   0.   0.   0.   0.   0.   0.   0.   0.   0.
   0.   0.   0.   0.   0.   0.   0.   0.   0.   0.   0.   0.   0.   0.
   0.   0.   0.   0.   0.   0.   0.   0.   0.   0.   0.   0.   0.   0.
   0.   0.   0.   0.   0.   0.   0.   0.   0.   0.   0.   0.   0.   0.
   0.   0.   0.   0.   0.   0.   0.   0.   0.   0.   0.   0.   0.   0.
   0.   0.   0.   0.   0.   0.   0.   0.   0.   0.   0.   0.   0.   0.
   0.   0.   0.   0.   0.   0.   0.   0.   0.   0.   0.   0.   0.   0.
   0.   0.   0.   0.   0.   0.   0.   0.   0.   0.   0.   0.   0.   0.
   0.   0.   0.   0.   0.   0.   0.   0.   0.   0.   0.   0.   0.   0.
   0.   0.   0.   0.   0.   0.   0.   0.   0.   0.   0.   0.   0.   0.
   0.   0.   0.   0.   0.   0.   0.   0.   0.   0.   0.   0.   0.   0.
   0.   0.   0.   0.   0.   0.   0.   0.   0.   0.   0.   0.   0.   0.
   0.   0.   0.   0.   0.   0.   0.   0.   0.   0.   0.   0.   0.   0.
   0.   0.   0.   0.   0.   0.   0.   0.   0.   0.   0.   0.   0.   0.
   0.   0.   0.   0.   0.   0.   0.   0.   0.   0.   0.   0.   0.   0.
   0.   0.   0.   0.   0.   0.   0.   0.   0.   0.   0.   0.   0.   0.
   0.   0.   0.   0.   0.   0.   0.   0.   0.   0.   0.   0.   0.   0.

         column 15 to 28

   0.   0.   0.   0.   0.   0.   0.   0.   0.   0.   0.   0.   0.   0.
   0.   0.   0.   0.   0.   0.   0.   0.   0.   0.   0.   0.   0.   0.
   0.   0.   0.   0.   0.   0.   0.   0.   0.   0.   0.   0.   0.   0.
   0.   0.   0.   0.   0.   0.   0.   0.   0.   0.   0.   0.   0.   0.
   0.   0.   0.   0.   0.   0.   0.   0.   0.   0.   0.   0.   0.   0.
   0.   0.   0.   0.   0.   0.   0.   0.   0.   0.   0.   0.   0.   0.
   0.   0.   0.   0.   0.   0.   0.   0.   0.   0.   0.   0.   0.   0.
   0.   0.   0.   0.   0.   0.   0.   0.   0.   0.   0.   0.   0.   0.
   0.   0.   0.   0.   0.   0.   0.   0.   0.   0.   0.   0.   0.   0.
   0.   0.   0.   0.   0.   0.   0.   0.   0.   0.   0.   0.   0.   0.
   0.   0.   0.   0.   0.   0.   0.   0.   0.   0.   0.   0.   0.   0.
   0.   0.   0.   0.   0.   0.   0.   0.   0.   0.   0.   0.   0.   0.
   0.   0.   0.   0.   0.   0.   0.   0.   0.   0.   0.   0.   0.   0.
   0.   0.   0.   0.   0.   0.   0.   0.   0.   0.   0.   0.   0.   0.
   0.   0.   0.   0.   0.   0.   0.   0.   0.   0.   0.   0.   0.   0.
   0.   0.   0.   0.   0.   0.   0.   0.   0.   0.   0.   0.   0.   0.
   0.   0.   0.   0.   0.   0.   0.   0.   0.   0.   0.   0.   0.   0.
   0.   0.   0.   0.   0.   0.   0.   0.   0.   0.   0.   0.   0.   0.
   0.   0.   0.   0.   0.   0.   0.   0.   0.   0.   0.   0.   0.   0.
   0.   0.   0.   0.   0.   0.   0.   0.   0.   0.   0.   0.   0.   0.
   0.   0.   0.   0.   0.   0.   0.   0.   0.   0.   0.   0.   0.   0.
   0.   0.   0.   0.   0.   0.   0.   0.   0.   0.   0.   0.   0.   0.
   0.   0.   0.   0.   0.   0.   0.   0.   0.   0.   0.   0.   0.   0.
   0.   0.   0.   0.   0.   0.   0.   0.   0.   0.   0.   0.   0.   0.
   0.   0.   0.   0.   0.   0.   0.   0.   0.   0.   0.   0.   0.   0.
   0.   0.   0.   0.   0.   0.   0.   0.   0.   0.   0.   0.   0.   0.
   0.   0.   0.   0.   0.   0.   0.   0.   0.   0.   0.   0.   0.   0.
   0.   0.   0.   0.   0.   0.   0.   0.   0.   0.   0.   0.   0.   0.
   0.   0.   0.   0.   0.   0.   0.   0.   0.   0.   0.   0.   0.   0.
   0.   0.   0.   0.   0.   0.   0.   0.   0.   0.   0.   0.   0.   0.

         column 29 to 30

   0.   0.
   0.   0.
   0.   0.
   0.   0.
   0.   0.
   0.   0.
   0.   0.
   0.   0.
   0.   0.
   0.   0.
   0.   0.
   0.   0.
   0.   0.
   0.   0.
   0.   0.
   0.   0.
   0.   0.
   0.   0.
   0.   0.
   0.   0.
   0.   0.
   0.   0.
   0.   0.
   0.   0.
   0.   0.
   0.   0.
   0.   0.
   0.   0.
   0.   0.
   0.   0.


--> C = zeros(30, 30);

--> for i = 1:30 for j = 1:30 do C(i, j) = i * j;
  > end end

--> D = C^2 - 3C
D = C^2 - 3C
           ^^
Error: syntax error, unexpected identifier, expecting end of file

--> D = C^2 - 3 * C
 D  = 


         column 1 to 6

   9452.     18904.    28356.    37808.     47260.     56712.  
   18904.    37808.    56712.    75616.     94520.     113424. 
   28356.    56712.    85068.    113424.    141780.    170136. 
   37808.    75616.    113424.   151232.    189040.    226848. 
   47260.    94520.    141780.   189040.    236300.    283560. 
   56712.    113424.   170136.   226848.    283560.    340272. 
   66164.    132328.   198492.   264656.    330820.    396984. 
   75616.    151232.   226848.   302464.    378080.    453696. 
   85068.    170136.   255204.   340272.    425340.    510408. 
   94520.    189040.   283560.   378080.    472600.    567120. 
   103972.   207944.   311916.   415888.    519860.    623832. 
   113424.   226848.   340272.   453696.    567120.    680544. 
   122876.   245752.   368628.   491504.    614380.    737256. 
   132328.   264656.   396984.   529312.    661640.    793968. 
   141780.   283560.   425340.   567120.    708900.    850680. 
   151232.   302464.   453696.   604928.    756160.    907392. 
   160684.   321368.   482052.   642736.    803420.    964104. 
   170136.   340272.   510408.   680544.    850680.    1020816.
   179588.   359176.   538764.   718352.    897940.    1077528.
   189040.   378080.   567120.   756160.    945200.    1134240.
   198492.   396984.   595476.   793968.    992460.    1190952.
   207944.   415888.   623832.   831776.    1039720.   1247664.
   217396.   434792.   652188.   869584.    1086980.   1304376.
   226848.   453696.   680544.   907392.    1134240.   1361088.
   236300.   472600.   708900.   945200.    1181500.   1417800.
   245752.   491504.   737256.   983008.    1228760.   1474512.
   255204.   510408.   765612.   1020816.   1276020.   1531224.
   264656.   529312.   793968.   1058624.   1323280.   1587936.
   274108.   548216.   822324.   1096432.   1370540.   1644648.
   283560.   567120.   850680.   1134240.   1417800.   1701360.

         column 7 to 12

   66164.     75616.     85068.     94520.     103972.    113424. 
   132328.    151232.    170136.    189040.    207944.    226848. 
   198492.    226848.    255204.    283560.    311916.    340272. 
   264656.    302464.    340272.    378080.    415888.    453696. 
   330820.    378080.    425340.    472600.    519860.    567120. 
   396984.    453696.    510408.    567120.    623832.    680544. 
   463148.    529312.    595476.    661640.    727804.    793968. 
   529312.    604928.    680544.    756160.    831776.    907392. 
   595476.    680544.    765612.    850680.    935748.    1020816.
   661640.    756160.    850680.    945200.    1039720.   1134240.
   727804.    831776.    935748.    1039720.   1143692.   1247664.
   793968.    907392.    1020816.   1134240.   1247664.   1361088.
   860132.    983008.    1105884.   1228760.   1351636.   1474512.
   926296.    1058624.   1190952.   1323280.   1455608.   1587936.
   992460.    1134240.   1276020.   1417800.   1559580.   1701360.
   1058624.   1209856.   1361088.   1512320.   1663552.   1814784.
   1124788.   1285472.   1446156.   1606840.   1767524.   1928208.
   1190952.   1361088.   1531224.   1701360.   1871496.   2041632.
   1257116.   1436704.   1616292.   1795880.   1975468.   2155056.
   1323280.   1512320.   1701360.   1890400.   2079440.   2268480.
   1389444.   1587936.   1786428.   1984920.   2183412.   2381904.
   1455608.   1663552.   1871496.   2079440.   2287384.   2495328.
   1521772.   1739168.   1956564.   2173960.   2391356.   2608752.
   1587936.   1814784.   2041632.   2268480.   2495328.   2722176.
   1654100.   1890400.   2126700.   2363000.   2599300.   2835600.
   1720264.   1966016.   2211768.   2457520.   2703272.   2949024.
   1786428.   2041632.   2296836.   2552040.   2807244.   3062448.
   1852592.   2117248.   2381904.   2646560.   2911216.   3175872.
   1918756.   2192864.   2466972.   2741080.   3015188.   3289296.
   1984920.   2268480.   2552040.   2835600.   3119160.   3402720.

         column 13 to 18

   122876.    132328.    141780.    151232.    160684.    170136. 
   245752.    264656.    283560.    302464.    321368.    340272. 
   368628.    396984.    425340.    453696.    482052.    510408. 
   491504.    529312.    567120.    604928.    642736.    680544. 
   614380.    661640.    708900.    756160.    803420.    850680. 
   737256.    793968.    850680.    907392.    964104.    1020816.
   860132.    926296.    992460.    1058624.   1124788.   1190952.
   983008.    1058624.   1134240.   1209856.   1285472.   1361088.
   1105884.   1190952.   1276020.   1361088.   1446156.   1531224.
   1228760.   1323280.   1417800.   1512320.   1606840.   1701360.
   1351636.   1455608.   1559580.   1663552.   1767524.   1871496.
   1474512.   1587936.   1701360.   1814784.   1928208.   2041632.
   1597388.   1720264.   1843140.   1966016.   2088892.   2211768.
   1720264.   1852592.   1984920.   2117248.   2249576.   2381904.
   1843140.   1984920.   2126700.   2268480.   2410260.   2552040.
   1966016.   2117248.   2268480.   2419712.   2570944.   2722176.
   2088892.   2249576.   2410260.   2570944.   2731628.   2892312.
   2211768.   2381904.   2552040.   2722176.   2892312.   3062448.
   2334644.   2514232.   2693820.   2873408.   3052996.   3232584.
   2457520.   2646560.   2835600.   3024640.   3213680.   3402720.
   2580396.   2778888.   2977380.   3175872.   3374364.   3572856.
   2703272.   2911216.   3119160.   3327104.   3535048.   3742992.
   2826148.   3043544.   3260940.   3478336.   3695732.   3913128.
   2949024.   3175872.   3402720.   3629568.   3856416.   4083264.
   3071900.   3308200.   3544500.   3780800.   4017100.   4253400.
   3194776.   3440528.   3686280.   3932032.   4177784.   4423536.
   3317652.   3572856.   3828060.   4083264.   4338468.   4593672.
   3440528.   3705184.   3969840.   4234496.   4499152.   4763808.
   3563404.   3837512.   4111620.   4385728.   4659836.   4933944.
   3686280.   3969840.   4253400.   4536960.   4820520.   5104080.


         column 19 to 24

   179588.    189040.    198492.    207944.    217396.    226848. 
   359176.    378080.    396984.    415888.    434792.    453696. 
   538764.    567120.    595476.    623832.    652188.    680544. 
   718352.    756160.    793968.    831776.    869584.    907392. 
   897940.    945200.    992460.    1039720.   1086980.   1134240.
   1077528.   1134240.   1190952.   1247664.   1304376.   1361088.
   1257116.   1323280.   1389444.   1455608.   1521772.   1587936.
   1436704.   1512320.   1587936.   1663552.   1739168.   1814784.
   1616292.   1701360.   1786428.   1871496.   1956564.   2041632.
   1795880.   1890400.   1984920.   2079440.   2173960.   2268480.
   1975468.   2079440.   2183412.   2287384.   2391356.   2495328.
   2155056.   2268480.   2381904.   2495328.   2608752.   2722176.
   2334644.   2457520.   2580396.   2703272.   2826148.   2949024.
   2514232.   2646560.   2778888.   2911216.   3043544.   3175872.
   2693820.   2835600.   2977380.   3119160.   3260940.   3402720.
   2873408.   3024640.   3175872.   3327104.   3478336.   3629568.
   3052996.   3213680.   3374364.   3535048.   3695732.   3856416.
   3232584.   3402720.   3572856.   3742992.   3913128.   4083264.
   3412172.   3591760.   3771348.   3950936.   4130524.   4310112.
   3591760.   3780800.   3969840.   4158880.   4347920.   4536960.
   3771348.   3969840.   4168332.   4366824.   4565316.   4763808.
   3950936.   4158880.   4366824.   4574768.   4782712.   4990656.
   4130524.   4347920.   4565316.   4782712.   5000108.   5217504.
   4310112.   4536960.   4763808.   4990656.   5217504.   5444352.
   4489700.   4726000.   4962300.   5198600.   5434900.   5671200.
   4669288.   4915040.   5160792.   5406544.   5652296.   5898048.
   4848876.   5104080.   5359284.   5614488.   5869692.   6124896.
   5028464.   5293120.   5557776.   5822432.   6087088.   6351744.
   5208052.   5482160.   5756268.   6030376.   6304484.   6578592.
   5387640.   5671200.   5954760.   6238320.   6521880.   6805440.

         column 25 to 30

   236300.    245752.    255204.    264656.    274108.    283560. 
   472600.    491504.    510408.    529312.    548216.    567120. 
   708900.    737256.    765612.    793968.    822324.    850680. 
   945200.    983008.    1020816.   1058624.   1096432.   1134240.
   1181500.   1228760.   1276020.   1323280.   1370540.   1417800.
   1417800.   1474512.   1531224.   1587936.   1644648.   1701360.
   1654100.   1720264.   1786428.   1852592.   1918756.   1984920.
   1890400.   1966016.   2041632.   2117248.   2192864.   2268480.
   2126700.   2211768.   2296836.   2381904.   2466972.   2552040.
   2363000.   2457520.   2552040.   2646560.   2741080.   2835600.
   2599300.   2703272.   2807244.   2911216.   3015188.   3119160.
   2835600.   2949024.   3062448.   3175872.   3289296.   3402720.
   3071900.   3194776.   3317652.   3440528.   3563404.   3686280.
   3308200.   3440528.   3572856.   3705184.   3837512.   3969840.
   3544500.   3686280.   3828060.   3969840.   4111620.   4253400.
   3780800.   3932032.   4083264.   4234496.   4385728.   4536960.
   4017100.   4177784.   4338468.   4499152.   4659836.   4820520.
   4253400.   4423536.   4593672.   4763808.   4933944.   5104080.
   4489700.   4669288.   4848876.   5028464.   5208052.   5387640.
   4726000.   4915040.   5104080.   5293120.   5482160.   5671200.
   4962300.   5160792.   5359284.   5557776.   5756268.   5954760.
   5198600.   5406544.   5614488.   5822432.   6030376.   6238320.
   5434900.   5652296.   5869692.   6087088.   6304484.   6521880.
   5671200.   5898048.   6124896.   6351744.   6578592.   6805440.
   5907500.   6143800.   6380100.   6616400.   6852700.   7089000.
   6143800.   6389552.   6635304.   6881056.   7126808.   7372560.
   6380100.   6635304.   6890508.   7145712.   7400916.   7656120.
   6616400.   6881056.   7145712.   7410368.   7675024.   7939680.
   6852700.   7126808.   7400916.   7675024.   7949132.   8223240.
   7089000.   7372560.   7656120.   7939680.   8223240.   8506800.


--> x = d(17, 25)

Invalid index.

--> x = [17, 25]
 x  = 

   17.   25.


--> x = D(17, 25)
 x  = 

   4017100.


--> z = ([3, 7], [3, 7]);

Can not assign multiple value in a single variable

--> z = D([3, 7], [3, 7]);

--> z
 z  = 

   85068.    198492.
   198492.   463148.


--> v = D(13:16, 17:19)
 v  = 

   2088892.   2211768.   2334644.
   2249576.   2381904.   2514232.
   2410260.   2552040.   2693820.
   2570944.   2722176.   2873408.


--> u = [0.25, -1/6, 5/6]
 u  = 

   0.25  -0.1666667   0.8333333


--> n = [0.2, 3/4, -2/3]
 n  = 

   0.2   0.75  -0.6666667


--> un = 0.25 * 0.2 + 3/4 * (-1/6) + 5/6 * (-2/3)
 un  = 

  -0.6305556


--> un = u * n'
 un  = 

  -0.6305556


--> disp(u * n)

Inconsistent row/column dimensions.

--> // -- Ejercicio 8 --

--> A = (1/2, 0, -1/3; 0, -2/3, 3)
A = (1/2, 0, -1/3; 0, -2/3, 3)
                  ^
Error: syntax error, unexpected ;, expecting "," or )

--> A = (1/2, 0, -1/3; 0, -2/3, 3);
A = (1/2, 0, -1/3; 0, -2/3, 3);
                  ^
Error: syntax error, unexpected ;, expecting "," or )

--> A = [1/2, 0, -1/3; 0, -2/3, 3]
 A  = 

   0.5   0.         -0.3333333
   0.   -0.6666667   3.       


--> B = [1/5, 1, -1/6; 1/6, 1/5, 2/3]
 B  = 

   0.2         1.   -0.1666667
   0.1666667   0.2   0.6666667


--> X = (B + 5 * A) / 17
 X  = 

   0.1588235   0.0588235  -0.1078431
   0.0098039  -0.1843137   0.9215686


--> // -- Ejercicio 9 --

--> A = [1, 2, 3; 7, 8, 9; 4, 5, 6]
 A  = 

   1.   2.   3.
   7.   8.   9.
   4.   5.   6.


--> Z = A^3 - 16 * A^2 - 2 * ones(3, 3)
 Z  = 

  -20.  -17.  -14.
  -38.  -53.  -68.
  -29.  -35.  -41.


--> // -- Ejercicio 10 --

--> V = [1; 7; 6]
 V  = 

   1.
   7.
   6.


--> G = Z * V
 G  = 

  -223.
  -817.
  -520.